-2509.0	834.00
-2508.0	834.00
-2507.0	834.00
-2506.0	834.00
-2505.0	834.00
-2504.0	834.00
-2503.0	834.00
-2502.0	834.00
-2501.0	834.00
-2500.0	834.00
-2499.0	834.00
-2498.0	834.00
-2497.0	834.00
-2496.0	834.00
-2495.0	834.00
-2494.0	834.00
-2493.0	834.00
-2492.0	834.00
-2491.0	834.00
-2490.0	834.00
-2489.0	834.00
-2488.0	834.00
-2487.0	834.00
-2486.0	834.00
-2485.0	834.00
-2484.0	834.00
-2483.0	834.00
-2482.0	834.00
-2481.0	834.00
-2480.0	834.00
-2479.0	834.00
-2478.0	834.00
-2477.0	834.00
-2476.0	834.00
-2475.0	834.00
-2474.0	834.00
-2473.0	834.00
-2472.0	834.00
-2471.0	834.00
-2470.0	834.00
-2469.0	834.00
-2468.0	834.00
-2467.0	834.00
-2466.0	834.00
-2465.0	834.00
-2464.0	834.00
-2463.0	834.00
-2462.0	834.00
-2461.0	834.00
-2460.0	834.00
-2459.0	834.00
-2458.0	834.00
-2457.0	834.00
-2456.0	834.00
-2455.0	834.00
-2454.0	834.00
-2453.0	834.00
-2452.0	834.00
-2451.0	834.00
-2450.0	834.00
-2449.0	834.00
-2448.0	834.00
-2447.0	834.00
-2446.0	834.00
-2445.0	834.00
-2444.0	834.00
-2443.0	834.00
-2442.0	834.00
-2441.0	834.00
-2440.0	834.00
-2439.0	834.00
-2438.0	834.00
-2437.0	834.00
-2436.0	834.00
-2435.0	834.00
-2434.0	834.00
-2433.0	834.00
-2432.0	834.00
-2431.0	834.00
-2430.0	834.00
-2429.0	834.00
-2428.0	834.00
-2427.0	834.00
-2426.0	834.00
-2425.0	834.00
-2424.0	834.00
-2423.0	834.00
-2422.0	834.00
-2421.0	834.00
-2420.0	834.00
-2419.0	834.00
-2418.0	834.00
-2417.0	834.00
-2416.0	834.00
-2415.0	834.00
-2414.0	834.00
-2413.0	834.00
-2412.0	834.00
-2411.0	834.00
-2410.0	834.00
-2409.0	834.00
-2408.0	834.00
-2407.0	834.00
-2406.0	834.00
-2405.0	834.00
-2404.0	834.00
-2403.0	834.00
-2402.0	834.00
-2401.0	834.00
-2400.0	834.00
-2399.0	834.00
-2398.0	834.00
-2397.0	834.00
-2396.0	834.00
-2395.0	834.00
-2394.0	834.00
-2393.0	834.00
-2392.0	834.00
-2391.0	834.00
-2390.0	834.00
-2389.0	834.00
-2388.0	834.00
-2387.0	834.00
-2386.0	834.00
-2385.0	834.00
-2384.0	834.00
-2383.0	834.00
-2382.0	834.00
-2381.0	834.00
-2380.0	834.00
-2379.0	834.00
-2378.0	834.00
-2377.0	834.00
-2376.0	834.00
-2375.0	834.00
-2374.0	834.00
-2373.0	834.00
-2372.0	834.00
-2371.0	834.00
-2370.0	834.00
-2369.0	834.00
-2368.0	834.00
-2367.0	834.00
-2366.0	834.00
-2365.0	834.00
-2364.0	834.00
-2363.0	834.00
-2362.0	834.00
-2361.0	834.00
-2360.0	834.00
-2359.0	834.00
-2358.0	834.00
-2357.0	834.00
-2356.0	834.00
-2355.0	834.00
-2354.0	834.00
-2353.0	834.00
-2352.0	834.00
-2351.0	834.00
-2350.0	834.00
-2349.0	834.00
-2348.0	834.00
-2347.0	834.00
-2346.0	834.00
-2345.0	834.00
-2344.0	834.00
-2343.0	834.00
-2342.0	834.00
-2341.0	834.00
-2340.0	834.00
-2339.0	834.00
-2338.0	834.00
-2337.0	834.00
-2336.0	834.00
-2335.0	834.00
-2334.0	834.00
-2333.0	834.00
-2332.0	834.00
-2331.0	834.00
-2330.0	834.00
-2329.0	834.00
-2328.0	834.00
-2327.0	834.00
-2326.0	834.00
-2325.0	834.00
-2324.0	834.00
-2323.0	834.00
-2322.0	834.00
-2321.0	834.00
-2320.0	834.00
-2319.0	834.00
-2318.0	834.00
-2317.0	834.00
-2316.0	834.00
-2315.0	834.00
-2314.0	834.00
-2313.0	834.00
-2312.0	834.00
-2311.0	834.00
-2310.0	834.00
-2309.0	834.00
-2308.0	834.00
-2307.0	834.00
-2306.0	834.00
-2305.0	834.00
-2304.0	834.00
-2303.0	834.00
-2302.0	834.00
-2301.0	834.00
-2300.0	834.00
-2299.0	834.00
-2298.0	834.00
-2297.0	834.00
-2296.0	834.00
-2295.0	834.00
-2294.0	834.00
-2293.0	834.00
-2292.0	834.00
-2291.0	834.00
-2290.0	834.00
-2289.0	834.00
-2288.0	834.00
-2287.0	834.00
-2286.0	834.00
-2285.0	834.00
-2284.0	834.00
-2283.0	834.00
-2282.0	834.00
-2281.0	834.00
-2280.0	834.00
-2279.0	834.00
-2278.0	834.00
-2277.0	834.00
-2276.0	834.00
-2275.0	834.00
-2274.0	834.00
-2273.0	834.00
-2272.0	834.00
-2271.0	834.00
-2270.0	834.00
-2269.0	834.00
-2268.0	834.00
-2267.0	834.00
-2266.0	834.00
-2265.0	834.00
-2264.0	834.00
-2263.0	834.00
-2262.0	834.00
-2261.0	834.00
-2260.0	834.00
-2259.0	834.00
-2258.0	834.00
-2257.0	834.00
-2256.0	834.00
-2255.0	834.00
-2254.0	834.00
-2253.0	834.00
-2252.0	834.00
-2251.0	834.00
-2250.0	834.00
-2249.0	834.00
-2248.0	834.00
-2247.0	834.00
-2246.0	834.00
-2245.0	834.00
-2244.0	834.00
-2243.0	834.00
-2242.0	834.00
-2241.0	834.00
-2240.0	834.00
-2239.0	834.00
-2238.0	834.00
-2237.0	834.00
-2236.0	834.00
-2235.0	834.00
-2234.0	834.00
-2233.0	834.00
-2232.0	834.00
-2231.0	834.00
-2230.0	834.00
-2229.0	834.00
-2228.0	834.00
-2227.0	834.00
-2226.0	834.00
-2225.0	834.00
-2224.0	834.00
-2223.0	834.00
-2222.0	834.00
-2221.0	834.00
-2220.0	834.00
-2219.0	834.00
-2218.0	834.00
-2217.0	834.00
-2216.0	834.00
-2215.0	834.00
-2214.0	834.00
-2213.0	834.00
-2212.0	834.00
-2211.0	834.00
-2210.0	834.00
-2209.0	834.00
-2208.0	834.00
-2207.0	834.00
-2206.0	834.00
-2205.0	834.00
-2204.0	834.00
-2203.0	834.00
-2202.0	834.00
-2201.0	834.00
-2200.0	834.00
-2199.0	834.00
-2198.0	834.00
-2197.0	834.00
-2196.0	834.00
-2195.0	834.00
-2194.0	834.00
-2193.0	834.00
-2192.0	834.00
-2191.0	834.00
-2190.0	834.00
-2189.0	834.00
-2188.0	834.00
-2187.0	834.00
-2186.0	834.00
-2185.0	834.00
-2184.0	834.00
-2183.0	834.00
-2182.0	834.00
-2181.0	834.00
-2180.0	834.00
-2179.0	834.00
-2178.0	834.00
-2177.0	834.00
-2176.0	834.00
-2175.0	834.00
-2174.0	834.00
-2173.0	834.00
-2172.0	834.00
-2171.0	834.00
-2170.0	834.00
-2169.0	834.00
-2168.0	834.00
-2167.0	834.00
-2166.0	834.00
-2165.0	834.00
-2164.0	834.00
-2163.0	834.00
-2162.0	834.00
-2161.0	834.00
-2160.0	834.00
-2159.0	834.00
-2158.0	834.00
-2157.0	834.00
-2156.0	834.00
-2155.0	819.00
-2154.0	818.73
-2153.0	818.45
-2152.0	818.18
-2151.0	817.90
-2150.0	817.63
-2149.0	817.35
-2148.0	817.08
-2147.0	816.80
-2146.0	816.58
-2145.0	816.38
-2144.0	816.18
-2143.0	815.99
-2142.0	815.79
-2141.0	815.59
-2140.0	815.39
-2139.0	815.19
-2138.0	815.05
-2137.0	815.00
-2136.0	814.96
-2135.0	814.91
-2134.0	814.87
-2133.0	814.82
-2132.0	814.78
-2131.0	814.73
-2130.0	814.69
-2129.0	814.87
-2128.0	815.05
-2127.0	815.24
-2126.0	815.42
-2125.0	815.61
-2124.0	815.79
-2123.0	815.97
-2122.0	816.16
-2121.0	816.54
-2120.0	817.03
-2119.0	817.52
-2118.0	818.01
-2117.0	818.50
-2116.0	818.99
-2115.0	819.49
-2114.0	819.98
-2113.0	820.58
-2112.0	821.45
-2111.0	822.33
-2110.0	823.20
-2109.0	824.08
-2108.0	824.95
-2107.0	825.82
-2106.0	826.70
-2105.0	827.57
-2104.0	828.81
-2103.0	830.06
-2102.0	831.32
-2101.0	832.57
-2100.0	833.82
-2099.0	835.08
-2098.0	836.33
-2097.0	837.59
-2096.0	838.94
-2095.0	840.36
-2094.0	841.77
-2093.0	843.19
-2092.0	844.60
-2091.0	846.02
-2090.0	847.44
-2089.0	848.85
-2088.0	850.24
-2087.0	851.57
-2086.0	852.89
-2085.0	854.21
-2084.0	855.53
-2083.0	856.86
-2082.0	858.18
-2081.0	859.50
-2080.0	860.82
-2079.0	861.82
-2078.0	862.79
-2077.0	863.77
-2076.0	864.74
-2075.0	865.71
-2074.0	866.68
-2073.0	867.66
-2072.0	868.63
-2071.0	869.24
-2070.0	869.61
-2069.0	869.98
-2068.0	870.35
-2067.0	870.72
-2066.0	871.08
-2065.0	871.45
-2064.0	871.82
-2063.0	871.97
-2062.0	871.48
-2061.0	870.98
-2060.0	870.49
-2059.0	870.00
-2058.0	869.51
-2057.0	869.01
-2056.0	868.52
-2055.0	868.03
-2054.0	866.73
-2053.0	865.36
-2052.0	863.98
-2051.0	862.61
-2050.0	861.24
-2049.0	859.86
-2048.0	858.49
-2047.0	857.12
-2046.0	855.59
-2045.0	853.96
-2044.0	852.33
-2043.0	850.69
-2042.0	849.06
-2041.0	847.42
-2040.0	845.79
-2039.0	844.15
-2038.0	842.62
-2037.0	841.45
-2036.0	840.29
-2035.0	839.12
-2034.0	837.95
-2033.0	836.78
-2032.0	835.61
-2031.0	834.44
-2030.0	833.27
-2029.0	832.87
-2028.0	832.57
-2027.0	832.27
-2026.0	831.97
-2025.0	831.67
-2024.0	831.37
-2023.0	831.07
-2022.0	830.77
-2021.0	830.69
-2020.0	830.79
-2019.0	830.90
-2018.0	831.00
-2017.0	831.10
-2016.0	831.20
-2015.0	831.31
-2014.0	831.41
-2013.0	831.47
-2012.0	831.36
-2011.0	831.25
-2010.0	831.14
-2009.0	831.04
-2008.0	830.93
-2007.0	830.82
-2006.0	830.71
-2005.0	830.61
-2004.0	830.03
-2003.0	829.38
-2002.0	828.73
-2001.0	828.08
-2000.0	827.42
-1999.0	826.77
-1998.0	826.12
-1997.0	825.47
-1996.0	824.75
-1995.0	823.97
-1994.0	823.18
-1993.0	822.40
-1992.0	821.61
-1991.0	820.83
-1990.0	820.05
-1989.0	819.26
-1988.0	818.55
-1987.0	818.17
-1986.0	817.78
-1985.0	817.40
-1984.0	817.01
-1983.0	816.63
-1982.0	816.24
-1981.0	815.86
-1980.0	815.48
-1979.0	815.66
-1978.0	815.95
-1977.0	816.25
-1976.0	816.54
-1975.0	816.83
-1974.0	817.12
-1973.0	817.41
-1972.0	817.70
-1971.0	818.13
-1970.0	818.69
-1969.0	819.25
-1968.0	819.81
-1967.0	820.36
-1966.0	820.92
-1965.0	821.48
-1964.0	822.04
-1963.0	822.56
-1962.0	822.87
-1961.0	823.18
-1960.0	823.48
-1959.0	823.79
-1958.0	824.10
-1957.0	824.41
-1956.0	824.71
-1955.0	825.02
-1954.0	824.92
-1953.0	824.74
-1952.0	824.56
-1951.0	824.37
-1950.0	824.19
-1949.0	824.01
-1948.0	823.82
-1947.0	823.64
-1946.0	823.46
-1945.0	823.28
-1944.0	823.10
-1943.0	822.92
-1942.0	822.75
-1941.0	822.57
-1940.0	822.39
-1939.0	822.21
-1938.0	822.12
-1937.0	822.56
-1936.0	823.01
-1935.0	823.45
-1934.0	823.89
-1933.0	824.33
-1932.0	824.77
-1931.0	825.21
-1930.0	825.65
-1929.0	826.76
-1928.0	828.03
-1927.0	829.31
-1926.0	830.58
-1925.0	831.85
-1924.0	833.12
-1923.0	834.39
-1922.0	835.67
-1921.0	837.07
-1920.0	838.64
-1919.0	840.20
-1918.0	841.76
-1917.0	843.33
-1916.0	844.89
-1915.0	846.46
-1914.0	848.02
-1913.0	849.54
-1912.0	850.78
-1911.0	852.01
-1910.0	853.24
-1909.0	854.47
-1908.0	855.71
-1907.0	856.94
-1906.0	858.17
-1905.0	859.41
-1904.0	859.93
-1903.0	860.26
-1902.0	860.59
-1901.0	860.92
-1900.0	861.25
-1899.0	861.58
-1898.0	861.90
-1897.0	862.23
-1896.0	861.95
-1895.0	860.89
-1894.0	859.83
-1893.0	858.77
-1892.0	857.71
-1891.0	856.65
-1890.0	855.59
-1889.0	854.53
-1888.0	853.29
-1887.0	850.37
-1886.0	847.46
-1885.0	844.54
-1884.0	841.63
-1883.0	838.71
-1882.0	835.80
-1881.0	832.88
-1880.0	829.97
-1879.0	825.93
-1878.0	821.53
-1877.0	817.13
-1876.0	812.73
-1875.0	808.33
-1874.0	803.93
-1873.0	799.53
-1872.0	795.13
-1871.0	790.91
-1870.0	786.94
-1869.0	782.97
-1868.0	779.00
-1867.0	775.03
-1866.0	771.06
-1865.0	767.09
-1864.0	763.12
-1863.0	759.34
-1862.0	757.86
-1861.0	756.38
-1860.0	754.90
-1859.0	753.43
-1858.0	751.95
-1857.0	750.47
-1856.0	749.00
-1855.0	747.52
-1854.0	748.40
-1853.0	750.14
-1852.0	751.87
-1851.0	753.60
-1850.0	755.34
-1849.0	757.07
-1848.0	758.80
-1847.0	760.54
-1846.0	762.84
-1845.0	766.03
-1844.0	769.22
-1843.0	772.41
-1842.0	775.60
-1841.0	778.79
-1840.0	781.97
-1839.0	785.16
-1838.0	788.32
-1837.0	790.96
-1836.0	793.59
-1835.0	796.22
-1834.0	798.86
-1833.0	801.49
-1832.0	804.13
-1831.0	806.76
-1830.0	809.40
-1829.0	810.89
-1828.0	811.92
-1827.0	812.95
-1826.0	813.98
-1825.0	815.02
-1824.0	816.05
-1823.0	817.08
-1822.0	818.11
-1821.0	818.81
-1820.0	818.93
-1819.0	819.06
-1818.0	819.18
-1817.0	819.31
-1816.0	819.43
-1815.0	819.56
-1814.0	819.68
-1813.0	819.80
-1812.0	819.90
-1811.0	819.99
-1810.0	820.09
-1809.0	820.18
-1808.0	820.28
-1807.0	820.37
-1806.0	820.47
-1805.0	820.56
-1804.0	820.94
-1803.0	821.45
-1802.0	821.96
-1801.0	822.46
-1800.0	822.97
-1799.0	823.48
-1798.0	823.98
-1797.0	824.49
-1796.0	825.02
-1795.0	825.60
-1794.0	826.18
-1793.0	826.76
-1792.0	827.33
-1791.0	827.91
-1790.0	828.49
-1789.0	829.07
-1788.0	829.64
-1787.0	829.87
-1786.0	830.10
-1785.0	830.33
-1784.0	830.56
-1783.0	830.79
-1782.0	831.02
-1781.0	831.25
-1780.0	831.48
-1779.0	831.38
-1778.0	831.12
-1777.0	830.86
-1776.0	830.60
-1775.0	830.34
-1774.0	830.08
-1773.0	829.82
-1772.0	829.56
-1771.0	829.25
-1770.0	828.86
-1769.0	828.47
-1768.0	828.08
-1767.0	827.69
-1766.0	827.29
-1765.0	826.90
-1764.0	826.51
-1763.0	826.12
-1762.0	826.00
-1761.0	825.88
-1760.0	825.77
-1759.0	825.65
-1758.0	825.54
-1757.0	825.42
-1756.0	825.30
-1755.0	825.19
-1754.0	825.38
-1753.0	825.74
-1752.0	826.09
-1751.0	826.45
-1750.0	826.81
-1749.0	827.17
-1748.0	827.52
-1747.0	827.88
-1746.0	828.33
-1745.0	828.98
-1744.0	829.64
-1743.0	830.29
-1742.0	830.95
-1741.0	831.60
-1740.0	832.25
-1739.0	832.91
-1738.0	833.56
-1737.0	834.29
-1736.0	835.03
-1735.0	835.76
-1734.0	836.50
-1733.0	837.23
-1732.0	837.96
-1731.0	838.70
-1730.0	839.43
-1729.0	840.09
-1728.0	840.71
-1727.0	841.32
-1726.0	841.93
-1725.0	842.55
-1724.0	843.16
-1723.0	843.77
-1722.0	844.39
-1721.0	844.91
-1720.0	845.23
-1719.0	845.54
-1718.0	845.86
-1717.0	846.17
-1716.0	846.49
-1715.0	846.80
-1714.0	847.12
-1713.0	847.43
-1712.0	847.30
-1711.0	847.15
-1710.0	846.99
-1709.0	846.84
-1708.0	846.68
-1707.0	846.53
-1706.0	846.37
-1705.0	846.21
-1704.0	845.80
-1703.0	845.23
-1702.0	844.65
-1701.0	844.07
-1700.0	843.49
-1699.0	842.92
-1698.0	842.34
-1697.0	841.76
-1696.0	841.19
-1695.0	840.62
-1694.0	840.05
-1693.0	839.49
-1692.0	838.92
-1691.0	838.36
-1690.0	837.79
-1689.0	837.23
-1688.0	836.66
-1687.0	836.54
-1686.0	836.46
-1685.0	836.37
-1684.0	836.29
-1683.0	836.21
-1682.0	836.12
-1681.0	836.04
-1680.0	835.95
-1679.0	836.19
-1678.0	836.67
-1677.0	837.14
-1676.0	837.62
-1675.0	838.09
-1674.0	838.56
-1673.0	839.04
-1672.0	839.51
-1671.0	839.97
-1670.0	840.40
-1669.0	840.82
-1668.0	841.24
-1667.0	841.66
-1666.0	842.09
-1665.0	842.51
-1664.0	842.93
-1663.0	843.36
-1662.0	843.13
-1661.0	842.84
-1660.0	842.55
-1659.0	842.25
-1658.0	841.96
-1657.0	841.67
-1656.0	841.38
-1655.0	841.08
-1654.0	840.26
-1653.0	839.03
-1652.0	837.79
-1651.0	836.56
-1650.0	835.32
-1649.0	834.09
-1648.0	832.85
-1647.0	831.62
-1646.0	830.25
-1645.0	828.40
-1644.0	826.54
-1643.0	824.69
-1642.0	822.84
-1641.0	820.99
-1640.0	819.14
-1639.0	817.29
-1638.0	815.44
-1637.0	813.36
-1636.0	811.25
-1635.0	809.14
-1634.0	807.03
-1633.0	804.92
-1632.0	802.82
-1631.0	800.71
-1630.0	798.60
-1629.0	796.50
-1628.0	794.42
-1627.0	792.34
-1626.0	790.25
-1625.0	788.17
-1624.0	786.09
-1623.0	784.00
-1622.0	781.92
-1621.0	779.88
-1620.0	778.01
-1619.0	776.14
-1618.0	774.27
-1617.0	772.40
-1616.0	770.53
-1615.0	768.66
-1614.0	766.79
-1613.0	764.92
-1612.0	763.39
-1611.0	761.91
-1610.0	760.43
-1609.0	758.95
-1608.0	757.47
-1607.0	756.00
-1606.0	754.52
-1605.0	753.04
-1604.0	751.76
-1603.0	750.66
-1602.0	749.56
-1601.0	748.46
-1600.0	747.36
-1599.0	746.26
-1598.0	745.16
-1597.0	744.06
-1596.0	742.98
-1595.0	742.01
-1594.0	741.04
-1593.0	740.07
-1592.0	739.10
-1591.0	738.13
-1590.0	737.16
-1589.0	736.19
-1588.0	735.22
-1587.0	734.14
-1586.0	733.05
-1585.0	731.96
-1584.0	730.86
-1583.0	729.77
-1582.0	728.67
-1581.0	727.58
-1580.0	726.49
-1579.0	725.36
-1578.0	724.21
-1577.0	723.06
-1576.0	721.91
-1575.0	720.75
-1574.0	719.60
-1573.0	718.45
-1572.0	717.29
-1571.0	716.20
-1570.0	715.45
-1569.0	714.70
-1568.0	713.94
-1567.0	713.19
-1566.0	712.44
-1565.0	711.68
-1564.0	710.93
-1563.0	710.18
-1562.0	710.13
-1561.0	710.24
-1560.0	710.35
-1559.0	710.46
-1558.0	710.57
-1557.0	710.68
-1556.0	710.79
-1555.0	710.90
-1554.0	711.35
-1553.0	712.17
-1552.0	713.00
-1551.0	713.82
-1550.0	714.65
-1549.0	715.48
-1548.0	716.30
-1547.0	717.13
-1546.0	717.93
-1545.0	718.57
-1544.0	719.21
-1543.0	719.85
-1542.0	720.49
-1541.0	721.13
-1540.0	721.77
-1539.0	722.41
-1538.0	723.05
-1537.0	722.82
-1536.0	722.36
-1535.0	721.89
-1534.0	721.43
-1533.0	720.97
-1532.0	720.50
-1531.0	720.04
-1530.0	719.58
-1529.0	718.60
-1528.0	716.99
-1527.0	715.37
-1526.0	713.76
-1525.0	712.15
-1524.0	710.54
-1523.0	708.93
-1522.0	707.31
-1521.0	705.69
-1520.0	703.94
-1519.0	702.20
-1518.0	700.46
-1517.0	698.71
-1516.0	696.97
-1515.0	695.23
-1514.0	693.48
-1513.0	691.74
-1512.0	690.71
-1511.0	689.89
-1510.0	689.08
-1509.0	688.26
-1508.0	687.45
-1507.0	686.64
-1506.0	685.82
-1505.0	685.01
-1504.0	684.75
-1503.0	685.25
-1502.0	685.75
-1501.0	686.25
-1500.0	686.74
-1499.0	687.24
-1498.0	687.74
-1497.0	688.24
-1496.0	688.81
-1495.0	690.19
-1494.0	691.57
-1493.0	692.95
-1492.0	694.33
-1491.0	695.71
-1490.0	697.09
-1489.0	698.47
-1488.0	699.85
-1487.0	701.53
-1486.0	703.31
-1485.0	705.09
-1484.0	706.87
-1483.0	708.65
-1482.0	710.43
-1481.0	712.21
-1480.0	713.99
-1479.0	715.74
-1478.0	717.43
-1477.0	719.12
-1476.0	720.80
-1475.0	722.49
-1474.0	724.18
-1473.0	725.87
-1472.0	727.56
-1471.0	729.21
-1470.0	730.30
-1469.0	731.38
-1468.0	732.47
-1467.0	733.56
-1466.0	734.64
-1465.0	735.73
-1464.0	736.82
-1463.0	737.90
-1462.0	738.20
-1461.0	738.20
-1460.0	738.20
-1459.0	738.19
-1458.0	738.19
-1457.0	738.19
-1456.0	738.19
-1455.0	738.18
-1454.0	737.85
-1453.0	736.97
-1452.0	736.10
-1451.0	735.22
-1450.0	734.34
-1449.0	733.47
-1448.0	732.59
-1447.0	731.72
-1446.0	730.85
-1445.0	730.16
-1444.0	729.47
-1443.0	728.77
-1442.0	728.08
-1441.0	727.39
-1440.0	726.70
-1439.0	726.01
-1438.0	725.31
-1437.0	725.50
-1436.0	726.07
-1435.0	726.63
-1434.0	727.19
-1433.0	727.75
-1432.0	728.32
-1431.0	728.88
-1430.0	729.44
-1429.0	730.46
-1428.0	732.29
-1427.0	734.12
-1426.0	735.94
-1425.0	737.77
-1424.0	739.60
-1423.0	741.42
-1422.0	743.25
-1421.0	745.08
-1420.0	746.92
-1419.0	748.76
-1418.0	750.61
-1417.0	752.45
-1416.0	754.30
-1415.0	756.14
-1414.0	757.98
-1413.0	759.83
-1412.0	760.81
-1411.0	761.38
-1410.0	761.96
-1409.0	762.54
-1408.0	763.11
-1407.0	763.69
-1406.0	764.26
-1405.0	764.84
-1404.0	764.89
-1403.0	763.92
-1402.0	762.96
-1401.0	761.99
-1400.0	761.02
-1399.0	760.06
-1398.0	759.09
-1397.0	758.13
-1396.0	757.16
-1395.0	755.57
-1394.0	753.97
-1393.0	752.38
-1392.0	750.79
-1391.0	749.20
-1390.0	747.60
-1389.0	746.01
-1388.0	744.42
-1387.0	743.04
-1386.0	741.77
-1385.0	740.50
-1384.0	739.24
-1383.0	737.97
-1382.0	736.70
-1381.0	735.44
-1380.0	734.17
-1379.0	733.14
-1378.0	732.61
-1377.0	732.08
-1376.0	731.55
-1375.0	731.02
-1374.0	730.49
-1373.0	729.96
-1372.0	729.43
-1371.0	728.90
-1370.0	729.05
-1369.0	729.21
-1368.0	729.37
-1367.0	729.53
-1366.0	729.70
-1365.0	729.86
-1364.0	730.02
-1363.0	730.18
-1362.0	730.73
-1361.0	731.51
-1360.0	732.29
-1359.0	733.06
-1358.0	733.84
-1357.0	734.61
-1356.0	735.39
-1355.0	736.17
-1354.0	737.03
-1353.0	738.09
-1352.0	739.15
-1351.0	740.22
-1350.0	741.28
-1349.0	742.34
-1348.0	743.41
-1347.0	744.47
-1346.0	745.53
-1345.0	746.36
-1344.0	747.17
-1343.0	747.98
-1342.0	748.80
-1341.0	749.61
-1340.0	750.42
-1339.0	751.23
-1338.0	752.05
-1337.0	752.40
-1336.0	752.46
-1335.0	752.52
-1334.0	752.59
-1333.0	752.65
-1332.0	752.71
-1331.0	752.78
-1330.0	752.84
-1329.0	752.78
-1328.0	752.40
-1327.0	752.02
-1326.0	751.64
-1325.0	751.26
-1324.0	750.88
-1323.0	750.49
-1322.0	750.11
-1321.0	749.73
-1320.0	749.85
-1319.0	750.00
-1318.0	750.16
-1317.0	750.31
-1316.0	750.46
-1315.0	750.62
-1314.0	750.77
-1313.0	750.93
-1312.0	751.94
-1311.0	753.55
-1310.0	755.16
-1309.0	756.77
-1308.0	758.38
-1307.0	759.98
-1306.0	761.59
-1305.0	763.20
-1304.0	765.06
-1303.0	767.67
-1302.0	770.27
-1301.0	772.88
-1300.0	775.48
-1299.0	778.09
-1298.0	780.69
-1297.0	783.30
-1296.0	785.91
-1295.0	787.96
-1294.0	789.96
-1293.0	791.95
-1292.0	793.95
-1291.0	795.95
-1290.0	797.95
-1289.0	799.95
-1288.0	801.94
-1287.0	802.71
-1286.0	802.55
-1285.0	802.39
-1284.0	802.23
-1283.0	802.07
-1282.0	801.91
-1281.0	801.75
-1280.0	801.59
-1279.0	800.93
-1278.0	798.57
-1277.0	796.22
-1276.0	793.87
-1275.0	791.52
-1274.0	789.16
-1273.0	786.81
-1272.0	784.46
-1271.0	782.11
-1270.0	778.90
-1269.0	775.58
-1268.0	772.25
-1267.0	768.93
-1266.0	765.61
-1265.0	762.29
-1264.0	758.97
-1263.0	755.65
-1262.0	752.47
-1261.0	749.40
-1260.0	746.33
-1259.0	743.27
-1258.0	740.20
-1257.0	737.13
-1256.0	734.06
-1255.0	731.00
-1254.0	728.09
-1253.0	725.83
-1252.0	723.57
-1251.0	721.31
-1250.0	719.05
-1249.0	716.79
-1248.0	714.53
-1247.0	712.26
-1246.0	710.00
-1245.0	708.44
-1244.0	706.99
-1243.0	705.54
-1242.0	704.09
-1241.0	702.64
-1240.0	701.19
-1239.0	699.74
-1238.0	698.29
-1237.0	697.26
-1236.0	696.60
-1235.0	695.94
-1234.0	695.29
-1233.0	694.63
-1232.0	693.97
-1231.0	693.31
-1230.0	692.66
-1229.0	692.12
-1228.0	692.13
-1227.0	692.15
-1226.0	692.16
-1225.0	692.17
-1224.0	692.18
-1223.0	692.19
-1222.0	692.20
-1221.0	692.22
-1220.0	692.61
-1219.0	693.08
-1218.0	693.56
-1217.0	694.03
-1216.0	694.50
-1215.0	694.97
-1214.0	695.44
-1213.0	695.91
-1212.0	696.50
-1211.0	697.22
-1210.0	697.94
-1209.0	698.65
-1208.0	699.37
-1207.0	700.09
-1206.0	700.80
-1205.0	701.52
-1204.0	702.25
-1203.0	703.03
-1202.0	703.80
-1201.0	704.58
-1200.0	705.36
-1199.0	706.14
-1198.0	706.92
-1197.0	707.70
-1196.0	708.47
-1195.0	709.17
-1194.0	709.84
-1193.0	710.52
-1192.0	711.19
-1191.0	711.86
-1190.0	712.54
-1189.0	713.21
-1188.0	713.89
-1187.0	714.44
-1186.0	714.86
-1185.0	715.27
-1184.0	715.69
-1183.0	716.11
-1182.0	716.53
-1181.0	716.94
-1180.0	717.36
-1179.0	717.75
-1178.0	717.95
-1177.0	718.16
-1176.0	718.36
-1175.0	718.56
-1174.0	718.77
-1173.0	718.97
-1172.0	719.17
-1171.0	719.38
-1170.0	719.57
-1169.0	719.76
-1168.0	719.95
-1167.0	720.13
-1166.0	720.32
-1165.0	720.51
-1164.0	720.70
-1163.0	720.89
-1162.0	721.15
-1161.0	721.51
-1160.0	721.86
-1159.0	722.22
-1158.0	722.57
-1157.0	722.93
-1156.0	723.28
-1155.0	723.64
-1154.0	724.00
-1153.0	724.37
-1152.0	724.75
-1151.0	725.13
-1150.0	725.51
-1149.0	725.89
-1148.0	726.27
-1147.0	726.65
-1146.0	727.03
-1145.0	727.11
-1144.0	727.11
-1143.0	727.11
-1142.0	727.11
-1141.0	727.10
-1140.0	727.10
-1139.0	727.10
-1138.0	727.10
-1137.0	726.78
-1136.0	726.04
-1135.0	725.31
-1134.0	724.57
-1133.0	723.84
-1132.0	723.10
-1131.0	722.37
-1130.0	721.64
-1129.0	720.85
-1128.0	719.63
-1127.0	718.41
-1126.0	717.18
-1125.0	715.96
-1124.0	714.73
-1123.0	713.51
-1122.0	712.28
-1121.0	711.06
-1120.0	709.91
-1119.0	708.78
-1118.0	707.66
-1117.0	706.53
-1116.0	705.40
-1115.0	704.28
-1114.0	703.15
-1113.0	702.02
-1112.0	701.17
-1111.0	700.69
-1110.0	700.22
-1109.0	699.74
-1108.0	699.27
-1107.0	698.80
-1106.0	698.32
-1105.0	697.85
-1104.0	697.43
-1103.0	697.79
-1102.0	698.15
-1101.0	698.51
-1100.0	698.87
-1099.0	699.22
-1098.0	699.58
-1097.0	699.94
-1096.0	700.30
-1095.0	701.24
-1094.0	702.40
-1093.0	703.56
-1092.0	704.71
-1091.0	705.87
-1090.0	707.03
-1089.0	708.18
-1088.0	709.34
-1087.0	710.78
-1086.0	712.67
-1085.0	714.56
-1084.0	716.45
-1083.0	718.34
-1082.0	720.22
-1081.0	722.11
-1080.0	724.00
-1079.0	725.91
-1078.0	728.14
-1077.0	730.37
-1076.0	732.61
-1075.0	734.84
-1074.0	737.08
-1073.0	739.31
-1072.0	741.54
-1071.0	743.78
-1070.0	745.85
-1069.0	747.87
-1068.0	749.88
-1067.0	751.90
-1066.0	753.91
-1065.0	755.92
-1064.0	757.94
-1063.0	759.95
-1062.0	761.69
-1061.0	762.96
-1060.0	764.22
-1059.0	765.49
-1058.0	766.76
-1057.0	768.02
-1056.0	769.29
-1055.0	770.56
-1054.0	771.80
-1053.0	772.19
-1052.0	772.59
-1051.0	772.98
-1050.0	773.38
-1049.0	773.77
-1048.0	774.17
-1047.0	774.56
-1046.0	774.96
-1045.0	774.82
-1044.0	774.44
-1043.0	774.06
-1042.0	773.69
-1041.0	773.31
-1040.0	772.93
-1039.0	772.55
-1038.0	772.18
-1037.0	771.57
-1036.0	770.54
-1035.0	769.52
-1034.0	768.49
-1033.0	767.46
-1032.0	766.43
-1031.0	765.41
-1030.0	764.38
-1029.0	763.35
-1028.0	761.98
-1027.0	760.60
-1026.0	759.23
-1025.0	757.86
-1024.0	756.49
-1023.0	755.11
-1022.0	753.74
-1021.0	752.37
-1020.0	751.04
-1019.0	749.73
-1018.0	748.42
-1017.0	747.11
-1016.0	745.80
-1015.0	744.49
-1014.0	743.18
-1013.0	741.87
-1012.0	740.71
-1011.0	739.85
-1010.0	738.98
-1009.0	738.12
-1008.0	737.26
-1007.0	736.40
-1006.0	735.53
-1005.0	734.67
-1004.0	733.81
-1003.0	733.53
-1002.0	733.25
-1001.0	732.97
-1000.0	732.70
-999.00	732.42
-998.00	732.15
-997.00	731.87
-996.00	731.60
-995.00	731.71
-994.00	732.02
-993.00	732.34
-992.00	732.65
-991.00	732.97
-990.00	733.29
-989.00	733.60
-988.00	733.92
-987.00	734.40
-986.00	735.24
-985.00	736.09
-984.00	736.93
-983.00	737.78
-982.00	738.63
-981.00	739.47
-980.00	740.32
-979.00	741.16
-978.00	742.05
-977.00	742.95
-976.00	743.84
-975.00	744.73
-974.00	745.63
-973.00	746.52
-972.00	747.41
-971.00	748.30
-970.00	748.82
-969.00	749.11
-968.00	749.40
-967.00	749.70
-966.00	749.99
-965.00	750.28
-964.00	750.57
-963.00	750.86
-962.00	750.85
-961.00	750.09
-960.00	749.32
-959.00	748.56
-958.00	747.80
-957.00	747.03
-956.00	746.27
-955.00	745.50
-954.00	744.74
-953.00	743.36
-952.00	741.95
-951.00	740.53
-950.00	739.12
-949.00	737.71
-948.00	736.29
-947.00	734.88
-946.00	733.47
-945.00	732.05
-944.00	730.64
-943.00	729.22
-942.00	727.80
-941.00	726.39
-940.00	724.97
-939.00	723.55
-938.00	722.14
-937.00	720.85
-936.00	719.95
-935.00	719.05
-934.00	718.14
-933.00	717.24
-932.00	716.33
-931.00	715.43
-930.00	714.53
-929.00	713.62
-928.00	713.30
-927.00	713.02
-926.00	712.75
-925.00	712.47
-924.00	712.19
-923.00	711.92
-922.00	711.64
-921.00	711.37
-920.00	711.48
-919.00	711.88
-918.00	712.27
-917.00	712.66
-916.00	713.06
-915.00	713.45
-914.00	713.85
-913.00	714.24
-912.00	714.77
-911.00	715.74
-910.00	716.70
-909.00	717.67
-908.00	718.64
-907.00	719.60
-906.00	720.57
-905.00	721.54
-904.00	722.50
-903.00	723.52
-902.00	724.55
-901.00	725.57
-900.00	726.60
-899.00	727.62
-898.00	728.65
-897.00	729.67
-896.00	730.70
-895.00	731.43
-894.00	731.92
-893.00	732.42
-892.00	732.91
-891.00	733.40
-890.00	733.90
-889.00	734.39
-888.00	734.88
-887.00	735.20
-886.00	734.89
-885.00	734.57
-884.00	734.25
-883.00	733.94
-882.00	733.62
-881.00	733.30
-880.00	732.99
-879.00	732.67
-878.00	731.99
-877.00	731.26
-876.00	730.52
-875.00	729.79
-874.00	729.06
-873.00	728.32
-872.00	727.59
-871.00	726.86
-870.00	726.16
-869.00	725.48
-868.00	724.81
-867.00	724.13
-866.00	723.46
-865.00	722.78
-864.00	722.11
-863.00	721.43
-862.00	720.81
-861.00	720.41
-860.00	720.00
-859.00	719.60
-858.00	719.20
-857.00	718.79
-856.00	718.39
-855.00	717.99
-854.00	717.59
-853.00	717.25
-852.00	716.93
-851.00	716.61
-850.00	716.28
-849.00	715.96
-848.00	715.64
-847.00	715.32
-846.00	714.99
-845.00	714.60
-844.00	714.14
-843.00	713.68
-842.00	713.22
-841.00	712.76
-840.00	712.30
-839.00	711.84
-838.00	711.38
-837.00	710.88
-836.00	710.23
-835.00	709.59
-834.00	708.94
-833.00	708.29
-832.00	707.64
-831.00	706.99
-830.00	706.34
-829.00	705.69
-828.00	705.00
-827.00	704.31
-826.00	703.61
-825.00	702.91
-824.00	702.21
-823.00	701.51
-822.00	700.82
-821.00	700.12
-820.00	699.47
-819.00	698.86
-818.00	698.26
-817.00	697.66
-816.00	697.06
-815.00	696.45
-814.00	695.85
-813.00	695.25
-812.00	694.68
-811.00	694.26
-810.00	693.84
-809.00	693.42
-808.00	693.00
-807.00	692.58
-806.00	692.16
-805.00	691.74
-804.00	691.32
-803.00	691.08
-802.00	690.88
-801.00	690.68
-800.00	690.48
-799.00	690.29
-798.00	690.09
-797.00	689.89
-796.00	689.69
-795.00	689.61
-794.00	689.66
-793.00	689.72
-792.00	689.77
-791.00	689.82
-790.00	689.88
-789.00	689.93
-788.00	689.98
-787.00	690.06
-786.00	690.30
-785.00	690.54
-784.00	690.78
-783.00	691.02
-782.00	691.26
-781.00	691.50
-780.00	691.74
-779.00	691.97
-778.00	692.27
-777.00	692.57
-776.00	692.88
-775.00	693.18
-774.00	693.49
-773.00	693.79
-772.00	694.10
-771.00	694.41
-770.00	694.69
-769.00	694.94
-768.00	695.19
-767.00	695.44
-766.00	695.70
-765.00	695.95
-764.00	696.20
-763.00	696.45
-762.00	696.69
-761.00	696.77
-760.00	696.85
-759.00	696.93
-758.00	697.01
-757.00	697.09
-756.00	697.17
-755.00	697.25
-754.00	697.33
-753.00	697.19
-752.00	696.98
-751.00	696.77
-750.00	696.56
-749.00	696.35
-748.00	696.15
-747.00	695.94
-746.00	695.73
-745.00	695.37
-744.00	694.81
-743.00	694.24
-742.00	693.68
-741.00	693.11
-740.00	692.55
-739.00	691.99
-738.00	691.42
-737.00	690.85
-736.00	690.21
-735.00	689.57
-734.00	688.92
-733.00	688.28
-732.00	687.64
-731.00	686.99
-730.00	686.35
-729.00	685.71
-728.00	685.32
-727.00	685.01
-726.00	684.70
-725.00	684.40
-724.00	684.09
-723.00	683.79
-722.00	683.48
-721.00	683.17
-720.00	683.13
-719.00	683.47
-718.00	683.81
-717.00	684.15
-716.00	684.49
-715.00	684.83
-714.00	685.17
-713.00	685.51
-712.00	685.88
-711.00	686.67
-710.00	687.46
-709.00	688.26
-708.00	689.05
-707.00	689.85
-706.00	690.64
-705.00	691.43
-704.00	692.23
-703.00	693.10
-702.00	694.01
-701.00	694.92
-700.00	695.83
-699.00	696.74
-698.00	697.65
-697.00	698.56
-696.00	699.47
-695.00	700.33
-694.00	701.10
-693.00	701.88
-692.00	702.65
-691.00	703.42
-690.00	704.19
-689.00	704.97
-688.00	705.74
-687.00	706.51
-686.00	707.16
-685.00	707.82
-684.00	708.47
-683.00	709.12
-682.00	709.78
-681.00	710.43
-680.00	711.09
-679.00	711.74
-678.00	712.36
-677.00	712.97
-676.00	713.57
-675.00	714.18
-674.00	714.78
-673.00	715.39
-672.00	715.99
-671.00	716.60
-670.00	717.17
-669.00	717.69
-668.00	718.21
-667.00	718.72
-666.00	719.24
-665.00	719.76
-664.00	720.27
-663.00	720.79
-662.00	721.30
-661.00	721.44
-660.00	721.57
-659.00	721.71
-658.00	721.85
-657.00	721.98
-656.00	722.12
-655.00	722.25
-654.00	722.39
-653.00	722.05
-652.00	721.49
-651.00	720.92
-650.00	720.35
-649.00	719.79
-648.00	719.22
-647.00	718.66
-646.00	718.09
-645.00	717.30
-644.00	716.05
-643.00	714.81
-642.00	713.57
-641.00	712.32
-640.00	711.08
-639.00	709.84
-638.00	708.59
-637.00	707.35
-636.00	706.01
-635.00	704.67
-634.00	703.33
-633.00	701.99
-632.00	700.64
-631.00	699.30
-630.00	697.96
-629.00	696.62
-628.00	695.61
-627.00	694.79
-626.00	693.96
-625.00	693.13
-624.00	692.31
-623.00	691.48
-622.00	690.65
-621.00	689.82
-620.00	689.19
-619.00	688.99
-618.00	688.78
-617.00	688.58
-616.00	688.37
-615.00	688.16
-614.00	687.96
-613.00	687.75
-612.00	687.55
-611.00	687.48
-610.00	687.41
-609.00	687.34
-608.00	687.27
-607.00	687.21
-606.00	687.14
-605.00	687.07
-604.00	687.00
-603.00	686.71
-602.00	686.29
-601.00	685.88
-600.00	685.46
-599.00	685.04
-598.00	684.62
-597.00	684.20
-596.00	683.78
-595.00	683.26
-594.00	682.47
-593.00	681.68
-592.00	680.90
-591.00	680.11
-590.00	679.32
-589.00	678.53
-588.00	677.75
-587.00	676.96
-586.00	676.18
-585.00	675.41
-584.00	674.63
-583.00	673.85
-582.00	673.08
-581.00	672.30
-580.00	671.53
-579.00	670.75
-578.00	670.21
-577.00	669.83
-576.00	669.44
-575.00	669.05
-574.00	668.66
-573.00	668.28
-572.00	667.89
-571.00	667.50
-570.00	667.25
-569.00	667.37
-568.00	667.49
-567.00	667.61
-566.00	667.73
-565.00	667.85
-564.00	667.97
-563.00	668.08
-562.00	668.20
-561.00	668.70
-560.00	669.22
-559.00	669.75
-558.00	670.28
-557.00	670.80
-556.00	671.33
-555.00	671.85
-554.00	672.37
-553.00	673.06
-552.00	673.86
-551.00	674.66
-550.00	675.45
-549.00	676.25
-548.00	677.05
-547.00	677.84
-546.00	678.64
-545.00	679.40
-544.00	680.05
-543.00	680.69
-542.00	681.34
-541.00	681.99
-540.00	682.63
-539.00	683.28
-538.00	683.92
-537.00	684.57
-536.00	684.54
-535.00	684.43
-534.00	684.33
-533.00	684.23
-532.00	684.12
-531.00	684.02
-530.00	683.92
-529.00	683.81
-528.00	683.02
-527.00	681.69
-526.00	680.37
-525.00	679.05
-524.00	677.72
-523.00	676.40
-522.00	675.08
-521.00	673.76
-520.00	672.26
-519.00	670.18
-518.00	668.09
-517.00	666.01
-516.00	663.93
-515.00	661.85
-514.00	659.77
-513.00	657.68
-512.00	655.60
-511.00	653.61
-510.00	651.64
-509.00	649.66
-508.00	647.68
-507.00	645.71
-506.00	643.73
-505.00	641.75
-504.00	639.77
-503.00	638.23
-502.00	637.05
-501.00	635.87
-500.00	634.70
-499.00	633.52
-498.00	632.34
-497.00	631.16
-496.00	629.98
-495.00	628.94
-494.00	628.41
-493.00	627.89
-492.00	627.36
-491.00	626.83
-490.00	626.31
-489.00	625.78
-488.00	625.26
-487.00	624.73
-486.00	624.42
-485.00	624.15
-484.00	623.87
-483.00	623.60
-482.00	623.32
-481.00	623.05
-480.00	622.77
-479.00	622.50
-478.00	622.19
-477.00	621.86
-476.00	621.53
-475.00	621.19
-474.00	620.86
-473.00	620.53
-472.00	620.19
-471.00	619.86
-470.00	619.51
-469.00	619.12
-468.00	618.72
-467.00	618.32
-466.00	617.92
-465.00	617.53
-464.00	617.13
-463.00	616.73
-462.00	616.33
-461.00	615.93
-460.00	615.53
-459.00	615.13
-458.00	614.73
-457.00	614.32
-456.00	613.92
-455.00	613.52
-454.00	613.12
-453.00	612.73
-452.00	612.37
-451.00	612.02
-450.00	611.66
-449.00	611.29
-448.00	610.93
-447.00	610.57
-446.00	610.21
-445.00	609.86
-444.00	609.56
-443.00	609.26
-442.00	608.96
-441.00	608.66
-440.00	608.36
-439.00	608.06
-438.00	607.76
-437.00	607.46
-436.00	607.21
-435.00	606.98
-434.00	606.76
-433.00	606.53
-432.00	606.30
-431.00	606.07
-430.00	605.84
-429.00	605.61
-428.00	605.43
-427.00	605.31
-426.00	605.18
-425.00	605.06
-424.00	604.93
-423.00	604.81
-422.00	604.68
-421.00	604.55
-420.00	604.45
-419.00	604.48
-418.00	604.52
-417.00	604.55
-416.00	604.59
-415.00	604.62
-414.00	604.66
-413.00	604.70
-412.00	604.73
-411.00	604.94
-410.00	605.20
-409.00	605.45
-408.00	605.71
-407.00	605.97
-406.00	606.22
-405.00	606.48
-404.00	606.73
-403.00	607.10
-402.00	607.58
-401.00	608.07
-400.00	608.55
-399.00	609.04
-398.00	609.52
-397.00	610.01
-396.00	610.49
-395.00	610.99
-394.00	611.63
-393.00	612.26
-392.00	612.89
-391.00	613.53
-390.00	614.16
-389.00	614.79
-388.00	615.43
-387.00	616.06
-386.00	616.74
-385.00	617.44
-384.00	618.13
-383.00	618.82
-382.00	619.52
-381.00	620.21
-380.00	620.91
-379.00	621.60
-378.00	622.30
-377.00	622.99
-376.00	623.69
-375.00	624.39
-374.00	625.09
-373.00	625.79
-372.00	626.48
-371.00	627.18
-370.00	627.88
-369.00	628.56
-368.00	629.25
-367.00	629.93
-366.00	630.61
-365.00	631.30
-364.00	631.98
-363.00	632.66
-362.00	633.34
-361.00	634.01
-360.00	634.66
-359.00	635.31
-358.00	635.96
-357.00	636.61
-356.00	637.27
-355.00	637.92
-354.00	638.57
-353.00	639.21
-352.00	639.82
-351.00	640.44
-350.00	641.05
-349.00	641.67
-348.00	642.29
-347.00	642.90
-346.00	643.52
-345.00	644.13
-344.00	644.72
-343.00	645.30
-342.00	645.88
-341.00	646.47
-340.00	647.05
-339.00	647.63
-338.00	648.22
-337.00	648.80
-336.00	649.36
-335.00	649.90
-334.00	650.45
-333.00	651.00
-332.00	651.54
-331.00	652.09
-330.00	652.64
-329.00	653.18
-328.00	653.67
-327.00	654.07
-326.00	654.47
-325.00	654.86
-324.00	655.26
-323.00	655.66
-322.00	656.05
-321.00	656.45
-320.00	656.83
-319.00	656.89
-318.00	656.96
-317.00	657.02
-316.00	657.09
-315.00	657.15
-314.00	657.22
-313.00	657.28
-312.00	657.35
-311.00	657.09
-310.00	656.71
-309.00	656.32
-308.00	655.93
-307.00	655.54
-306.00	655.15
-305.00	654.77
-304.00	654.38
-303.00	653.95
-302.00	653.44
-301.00	652.93
-300.00	652.43
-299.00	651.92
-298.00	651.42
-297.00	650.91
-296.00	650.41
-295.00	649.91
-294.00	649.84
-293.00	649.76
-292.00	649.68
-291.00	649.60
-290.00	649.52
-289.00	649.44
-288.00	649.36
-287.00	649.28
-286.00	649.76
-285.00	650.50
-284.00	651.23
-283.00	651.97
-282.00	652.70
-281.00	653.44
-280.00	654.17
-279.00	654.91
-278.00	655.78
-277.00	656.92
-276.00	658.06
-275.00	659.20
-274.00	660.34
-273.00	661.48
-272.00	662.61
-271.00	663.75
-270.00	664.89
-269.00	665.77
-268.00	666.64
-267.00	667.51
-266.00	668.39
-265.00	669.26
-264.00	670.14
-263.00	671.01
-262.00	671.89
-261.00	672.26
-260.00	672.39
-259.00	672.52
-258.00	672.64
-257.00	672.77
-256.00	672.90
-255.00	673.02
-254.00	673.15
-253.00	673.08
-252.00	672.62
-251.00	672.16
-250.00	671.70
-249.00	671.24
-248.00	670.78
-247.00	670.32
-246.00	669.86
-245.00	669.40
-244.00	668.67
-243.00	667.93
-242.00	667.19
-241.00	666.45
-240.00	665.71
-239.00	664.97
-238.00	664.23
-237.00	663.49
-236.00	662.75
-235.00	662.01
-234.00	661.27
-233.00	660.53
-232.00	659.79
-231.00	659.05
-230.00	658.31
-229.00	657.57
-228.00	656.89
-227.00	656.35
-226.00	655.80
-225.00	655.26
-224.00	654.71
-223.00	654.17
-222.00	653.62
-221.00	653.08
-220.00	652.53
-219.00	652.34
-218.00	652.16
-217.00	651.98
-216.00	651.80
-215.00	651.63
-214.00	651.45
-213.00	651.27
-212.00	651.09
-211.00	651.20
-210.00	651.47
-209.00	651.75
-208.00	652.03
-207.00	652.30
-206.00	652.58
-205.00	652.86
-204.00	653.14
-203.00	653.51
-202.00	654.11
-201.00	654.72
-200.00	655.33
-199.00	655.94
-198.00	656.55
-197.00	657.16
-196.00	657.77
-195.00	658.38
-194.00	659.15
-193.00	659.94
-192.00	660.72
-191.00	661.51
-190.00	662.29
-189.00	663.08
-188.00	663.86
-187.00	664.65
-186.00	665.48
-185.00	666.34
-184.00	667.20
-183.00	668.06
-182.00	668.92
-181.00	669.78
-180.00	670.64
-179.00	671.49
-178.00	672.37
-177.00	673.29
-176.00	674.20
-175.00	675.12
-174.00	676.04
-173.00	676.96
-172.00	677.87
-171.00	678.79
-170.00	679.71
-169.00	680.67
-168.00	681.64
-167.00	682.60
-166.00	683.57
-165.00	684.54
-164.00	685.50
-163.00	686.47
-162.00	687.44
-161.00	688.37
-160.00	689.29
-159.00	690.20
-158.00	691.11
-157.00	692.03
-156.00	692.94
-155.00	693.86
-154.00	694.77
-153.00	695.62
-152.00	696.26
-151.00	696.90
-150.00	697.54
-149.00	698.18
-148.00	698.82
-147.00	699.47
-146.00	700.11
-145.00	700.75
-144.00	700.95
-143.00	701.11
-142.00	701.27
-141.00	701.42
-140.00	701.58
-139.00	701.74
-138.00	701.89
-137.00	702.05
-136.00	701.98
-135.00	701.73
-134.00	701.48
-133.00	701.23
-132.00	700.98
-131.00	700.73
-130.00	700.48
-129.00	700.23
-128.00	699.97
-127.00	699.66
-126.00	699.35
-125.00	699.04
-124.00	698.73
-123.00	698.42
-122.00	698.12
-121.00	697.81
-120.00	697.50
-119.00	697.41
-118.00	697.36
-117.00	697.31
-116.00	697.26
-115.00	697.20
-114.00	697.15
-113.00	697.10
-112.00	697.05
-111.00	697.02
-110.00	697.02
-109.00	697.02
-108.00	697.03
-107.00	697.03
-106.00	697.03
-105.00	697.03
-104.00	697.03
-103.00	696.93
-102.00	696.44
-101.00	695.95
-100.00	695.46
-99.000	694.97
-98.000	694.48
-97.000	693.99
-96.000	693.49
-95.000	693.00
-94.000	691.72
-93.000	690.29
-92.000	688.87
-91.000	687.45
-90.000	686.02
-89.000	684.60
-88.000	683.17
-87.000	681.75
-86.000	680.08
-85.000	678.18
-84.000	676.27
-83.000	674.37
-82.000	672.47
-81.000	670.56
-80.000	668.66
-79.000	666.75
-78.000	664.91
-77.000	663.41
-76.000	661.90
-75.000	660.39
-74.000	658.88
-73.000	657.37
-72.000	655.87
-71.000	654.36
-70.000	652.85
-69.000	652.32
-68.000	652.00
-67.000	651.67
-66.000	651.35
-65.000	651.02
-64.000	650.70
-63.000	650.37
-62.000	650.04
-61.000	650.33
-60.000	651.24
-59.000	652.16
-58.000	653.08
-57.000	653.99
-56.000	654.91
-55.000	655.83
-54.000	656.74
-53.000	657.80
-52.000	659.67
-51.000	661.55
-50.000	663.42
-49.000	665.29
-48.000	667.17
-47.000	669.04
-46.000	670.92
-45.000	672.79
-44.000	675.11
-43.000	677.53
-42.000	679.95
-41.000	682.38
-40.000	684.80
-39.000	687.22
-38.000	689.64
-37.000	692.07
-36.000	694.25
-35.000	696.16
-34.000	698.07
-33.000	699.98
-32.000	701.90
-31.000	703.81
-30.000	705.72
-29.000	707.63
-28.000	709.33
-27.000	709.56
-26.000	709.79
-25.000	710.02
-24.000	710.25
-23.000	710.48
-22.000	710.71
-21.000	710.94
-20.000	711.17
-19.000	710.31
-18.000	709.16
-17.000	708.01
-16.000	706.85
-15.000	705.70
-14.000	704.55
-13.000	703.40
-12.000	702.25
-11.000	701.08
-10.000	699.88
-9.0000	698.69
-8.0000	697.50
-7.0000	696.31
-6.0000	695.12
-5.0000	693.92
-4.0000	692.73
-3.0000	691.60
-2.0000	690.93
-1.0000	690.27
0.0000	689.61
1.0000	688.95
2.0000	688.29
3.0000	687.63
4.0000	686.97
5.0000	686.31
6.0000	685.59
7.0000	684.84
8.0000	684.10
9.0000	683.35
10.000	682.61
11.000	681.86
12.000	681.12
13.000	680.37
14.000	679.43
15.000	678.22
16.000	677.00
17.000	675.79
18.000	674.58
19.000	673.36
20.000	672.15
21.000	670.94
22.000	669.78
23.000	669.26
24.000	668.73
25.000	668.20
26.000	667.68
27.000	667.15
28.000	666.62
29.000	666.09
30.000	665.57
31.000	666.59
32.000	668.16
33.000	669.73
34.000	671.30
35.000	672.87
36.000	674.44
37.000	676.01
38.000	677.58
39.000	679.68
40.000	682.57
41.000	685.46
42.000	688.35
43.000	691.24
44.000	694.13
45.000	697.02
46.000	699.91
47.000	702.76
48.000	704.83
49.000	706.91
50.000	708.99
51.000	711.07
52.000	713.15
53.000	715.22
54.000	717.30
55.000	719.38
56.000	720.18
57.000	720.48
58.000	720.79
59.000	721.09
60.000	721.39
61.000	721.69
62.000	722.00
63.000	722.30
64.000	722.17
65.000	721.31
66.000	720.46
67.000	719.61
68.000	718.76
69.000	717.91
70.000	717.05
71.000	716.20
72.000	715.33
73.000	714.01
74.000	712.69
75.000	711.37
76.000	710.05
77.000	708.73
78.000	707.41
79.000	706.09
80.000	704.76
81.000	703.51
82.000	702.28
83.000	701.05
84.000	699.83
85.000	698.60
86.000	697.37
87.000	696.15
88.000	694.92
89.000	693.89
90.000	693.21
91.000	692.53
92.000	691.85
93.000	691.18
94.000	690.50
95.000	689.82
96.000	689.14
97.000	688.47
98.000	687.97
99.000	687.47
100.00	686.97
101.00	686.47
102.00	685.97
103.00	685.47
104.00	684.97
105.00	684.47
106.00	683.54
107.00	682.40
108.00	681.26
109.00	680.13
110.00	678.99
111.00	677.85
112.00	676.71
113.00	675.58
114.00	674.22
115.00	672.42
116.00	670.62
117.00	668.82
118.00	667.03
119.00	665.23
120.00	663.43
121.00	661.63
122.00	659.84
123.00	658.28
124.00	656.73
125.00	655.17
126.00	653.62
127.00	652.07
128.00	650.52
129.00	648.96
130.00	647.41
131.00	646.39
132.00	645.65
133.00	644.90
134.00	644.16
135.00	643.42
136.00	642.68
137.00	641.94
138.00	641.20
139.00	640.58
140.00	640.24
141.00	639.89
142.00	639.55
143.00	639.21
144.00	638.87
145.00	638.53
146.00	638.18
147.00	637.84
148.00	637.38
149.00	636.92
150.00	636.45
151.00	635.99
152.00	635.53
153.00	635.06
154.00	634.60
155.00	634.14
156.00	633.41
157.00	632.54
158.00	631.66
159.00	630.79
160.00	629.91
161.00	629.04
162.00	628.16
163.00	627.29
164.00	626.24
165.00	624.77
166.00	623.30
167.00	621.83
168.00	620.35
169.00	618.88
170.00	617.41
171.00	615.94
172.00	614.47
173.00	612.88
174.00	611.28
175.00	609.68
176.00	608.08
177.00	606.48
178.00	604.88
179.00	603.28
180.00	601.68
181.00	600.70
182.00	600.10
183.00	599.51
184.00	598.92
185.00	598.33
186.00	597.74
187.00	597.15
188.00	596.56
189.00	596.34
190.00	597.12
191.00	597.91
192.00	598.70
193.00	599.49
194.00	600.28
195.00	601.07
196.00	601.86
197.00	602.65
198.00	603.45
199.00	604.24
200.00	605.04
201.00	605.84
202.00	606.64
203.00	607.44
204.00	608.24
205.00	609.04
206.00	609.13
207.00	608.72
208.00	608.32
209.00	607.91
210.00	607.50
211.00	607.09
212.00	606.68
213.00	606.27
214.00	605.73
215.00	604.76
216.00	603.80
217.00	602.84
218.00	601.88
219.00	600.91
220.00	599.95
221.00	598.99
222.00	598.03
223.00	597.63
224.00	597.29
225.00	596.95
226.00	596.61
227.00	596.27
228.00	595.93
229.00	595.59
230.00	595.25
231.00	595.29
232.00	595.61
233.00	595.94
234.00	596.27
235.00	596.59
236.00	596.92
237.00	597.24
238.00	597.57
239.00	597.82
240.00	597.82
241.00	597.81
242.00	597.80
243.00	597.80
244.00	597.79
245.00	597.79
246.00	597.78
247.00	597.78
248.00	597.09
249.00	596.33
250.00	595.55
251.00	594.78
252.00	594.02
253.00	593.25
254.00	592.48
255.00	591.71
256.00	590.91
257.00	590.11
258.00	589.30
259.00	588.49
260.00	587.68
261.00	586.87
262.00	586.06
263.00	585.25
264.00	584.57
265.00	584.38
266.00	584.19
267.00	584.00
268.00	583.80
269.00	583.61
270.00	583.42
271.00	583.23
272.00	583.04
273.00	583.20
274.00	583.42
275.00	583.64
276.00	583.86
277.00	584.07
278.00	584.29
279.00	584.51
280.00	584.73
281.00	584.94
282.00	585.14
283.00	585.33
284.00	585.53
285.00	585.73
286.00	585.93
287.00	586.13
288.00	586.33
289.00	586.47
290.00	586.34
291.00	586.21
292.00	586.08
293.00	585.95
294.00	585.83
295.00	585.70
296.00	585.57
297.00	585.44
298.00	584.84
299.00	584.16
300.00	583.48
301.00	582.79
302.00	582.11
303.00	581.42
304.00	580.74
305.00	580.05
306.00	579.16
307.00	578.06
308.00	576.97
309.00	575.87
310.00	574.77
311.00	573.67
312.00	572.58
313.00	571.48
314.00	570.44
315.00	569.71
316.00	568.97
317.00	568.24
318.00	567.51
319.00	566.78
320.00	566.05
321.00	565.31
322.00	564.58
323.00	564.62
324.00	564.83
325.00	565.04
326.00	565.24
327.00	565.45
328.00	565.66
329.00	565.87
330.00	566.08
331.00	566.54
332.00	567.28
333.00	568.02
334.00	568.76
335.00	569.50
336.00	570.24
337.00	570.98
338.00	571.72
339.00	572.45
340.00	573.11
341.00	573.78
342.00	574.44
343.00	575.11
344.00	575.78
345.00	576.44
346.00	577.11
347.00	577.78
348.00	578.17
349.00	578.48
350.00	578.80
351.00	579.12
352.00	579.44
353.00	579.76
354.00	580.08
355.00	580.39
356.00	580.51
357.00	580.39
358.00	580.27
359.00	580.15
360.00	580.03
361.00	579.91
362.00	579.79
363.00	579.67
364.00	579.53
365.00	579.22
366.00	578.90
367.00	578.59
368.00	578.27
369.00	577.96
370.00	577.64
371.00	577.33
372.00	577.01
373.00	577.02
374.00	577.12
375.00	577.22
376.00	577.32
377.00	577.42
378.00	577.52
379.00	577.62
380.00	577.72
381.00	578.13
382.00	578.96
383.00	579.78
384.00	580.61
385.00	581.44
386.00	582.26
387.00	583.09
388.00	583.92
389.00	584.75
390.00	585.59
391.00	586.44
392.00	587.28
393.00	588.13
394.00	588.97
395.00	589.82
396.00	590.66
397.00	591.51
398.00	591.77
399.00	591.84
400.00	591.91
401.00	591.99
402.00	592.06
403.00	592.13
404.00	592.20
405.00	592.27
406.00	592.10
407.00	591.57
408.00	591.04
409.00	590.51
410.00	589.99
411.00	589.46
412.00	588.93
413.00	588.40
414.00	587.87
415.00	587.35
416.00	586.83
417.00	586.31
418.00	585.79
419.00	585.27
420.00	584.75
421.00	584.23
422.00	583.72
423.00	583.46
424.00	583.31
425.00	583.16
426.00	583.00
427.00	582.85
428.00	582.70
429.00	582.54
430.00	582.39
431.00	582.43
432.00	582.75
433.00	583.08
434.00	583.41
435.00	583.74
436.00	584.07
437.00	584.40
438.00	584.73
439.00	585.08
440.00	585.78
441.00	586.48
442.00	587.18
443.00	587.88
444.00	588.58
445.00	589.28
446.00	589.98
447.00	590.68
448.00	591.13
449.00	591.48
450.00	591.83
451.00	592.18
452.00	592.52
453.00	592.87
454.00	593.22
455.00	593.57
456.00	593.55
457.00	592.91
458.00	592.28
459.00	591.64
460.00	591.00
461.00	590.37
462.00	589.73
463.00	589.09
464.00	588.45
465.00	587.54
466.00	586.63
467.00	585.72
468.00	584.80
469.00	583.89
470.00	582.98
471.00	582.07
472.00	581.16
473.00	580.87
474.00	580.87
475.00	580.86
476.00	580.86
477.00	580.85
478.00	580.85
479.00	580.85
480.00	580.84
481.00	581.11
482.00	581.90
483.00	582.69
484.00	583.47
485.00	584.26
486.00	585.05
487.00	585.84
488.00	586.63
489.00	587.41
490.00	587.77
491.00	588.13
492.00	588.49
493.00	588.85
494.00	589.21
495.00	589.57
496.00	589.93
497.00	590.29
498.00	590.00
499.00	589.38
500.00	588.75
501.00	588.13
502.00	587.51
503.00	586.89
504.00	586.26
505.00	585.64
506.00	584.93
507.00	584.03
508.00	583.13
509.00	582.23
510.00	581.33
511.00	580.43
512.00	579.53
513.00	578.63
514.00	577.73
515.00	577.25
516.00	576.78
517.00	576.31
518.00	575.84
519.00	575.37
520.00	574.90
521.00	574.43
522.00	573.96
523.00	573.75
524.00	573.68
525.00	573.62
526.00	573.56
527.00	573.50
528.00	573.44
529.00	573.38
530.00	573.32
531.00	573.29
532.00	573.37
533.00	573.45
534.00	573.52
535.00	573.60
536.00	573.67
537.00	573.75
538.00	573.82
539.00	573.90
540.00	573.92
541.00	573.95
542.00	573.97
543.00	574.00
544.00	574.03
545.00	574.05
546.00	574.08
547.00	574.10
548.00	574.02
549.00	573.88
550.00	573.73
551.00	573.59
552.00	573.45
553.00	573.30
554.00	573.16
555.00	573.01
556.00	572.85
557.00	572.66
558.00	572.46
559.00	572.26
560.00	572.07
561.00	571.87
562.00	571.67
563.00	571.48
564.00	571.28
565.00	571.49
566.00	571.73
567.00	571.96
568.00	572.20
569.00	572.44
570.00	572.67
571.00	572.91
572.00	573.15
573.00	573.81
574.00	574.76
575.00	575.71
576.00	576.66
577.00	577.61
578.00	578.56
579.00	579.51
580.00	580.46
581.00	581.45
582.00	582.57
583.00	583.70
584.00	584.82
585.00	585.94
586.00	587.06
587.00	588.18
588.00	589.30
589.00	590.42
590.00	591.08
591.00	591.71
592.00	592.34
593.00	592.96
594.00	593.59
595.00	594.21
596.00	594.84
597.00	595.47
598.00	595.83
599.00	596.00
600.00	596.17
601.00	596.34
602.00	596.51
603.00	596.68
604.00	596.85
605.00	597.02
606.00	597.20
607.00	597.42
608.00	597.64
609.00	597.86
610.00	598.08
611.00	598.30
612.00	598.53
613.00	598.75
614.00	598.97
615.00	599.50
616.00	600.07
617.00	600.64
618.00	601.21
619.00	601.78
620.00	602.35
621.00	602.92
622.00	603.49
623.00	604.25
624.00	605.16
625.00	606.07
626.00	606.98
627.00	607.89
628.00	608.79
629.00	609.70
630.00	610.61
631.00	611.58
632.00	612.76
633.00	613.93
634.00	615.11
635.00	616.28
636.00	617.46
637.00	618.64
638.00	619.81
639.00	620.99
640.00	622.22
641.00	623.47
642.00	624.71
643.00	625.96
644.00	627.20
645.00	628.45
646.00	629.69
647.00	630.93
648.00	632.09
649.00	633.17
650.00	634.26
651.00	635.34
652.00	636.42
653.00	637.50
654.00	638.58
655.00	639.66
656.00	640.65
657.00	641.23
658.00	641.81
659.00	642.40
660.00	642.98
661.00	643.56
662.00	644.14
663.00	644.73
664.00	645.31
665.00	645.15
666.00	644.85
667.00	644.55
668.00	644.25
669.00	643.96
670.00	643.66
671.00	643.36
672.00	643.06
673.00	642.41
674.00	641.42
675.00	640.43
676.00	639.43
677.00	638.44
678.00	637.45
679.00	636.46
680.00	635.47
681.00	634.50
682.00	633.70
683.00	632.90
684.00	632.09
685.00	631.29
686.00	630.49
687.00	629.68
688.00	628.88
689.00	628.08
690.00	627.94
691.00	627.93
692.00	627.93
693.00	627.93
694.00	627.92
695.00	627.92
696.00	627.92
697.00	627.91
698.00	628.19
699.00	628.76
700.00	629.32
701.00	629.89
702.00	630.46
703.00	631.03
704.00	631.59
705.00	632.16
706.00	632.76
707.00	633.54
708.00	634.31
709.00	635.09
710.00	635.87
711.00	636.64
712.00	637.42
713.00	638.20
714.00	638.97
715.00	639.64
716.00	640.29
717.00	640.94
718.00	641.58
719.00	642.23
720.00	642.88
721.00	643.52
722.00	644.17
723.00	644.61
724.00	644.80
725.00	645.00
726.00	645.20
727.00	645.40
728.00	645.59
729.00	645.79
730.00	645.99
731.00	646.13
732.00	645.86
733.00	645.59
734.00	645.32
735.00	645.05
736.00	644.78
737.00	644.51
738.00	644.24
739.00	643.97
740.00	643.58
741.00	643.15
742.00	642.73
743.00	642.30
744.00	641.88
745.00	641.45
746.00	641.03
747.00	640.60
748.00	640.23
749.00	639.94
750.00	639.65
751.00	639.36
752.00	639.07
753.00	638.77
754.00	638.48
755.00	638.19
756.00	637.93
757.00	637.97
758.00	638.02
759.00	638.06
760.00	638.10
761.00	638.14
762.00	638.18
763.00	638.22
764.00	638.27
765.00	638.65
766.00	639.14
767.00	639.62
768.00	640.11
769.00	640.60
770.00	641.09
771.00	641.58
772.00	642.06
773.00	642.62
774.00	643.28
775.00	643.93
776.00	644.59
777.00	645.24
778.00	645.90
779.00	646.55
780.00	647.21
781.00	647.84
782.00	648.25
783.00	648.66
784.00	649.06
785.00	649.47
786.00	649.87
787.00	650.28
788.00	650.69
789.00	651.09
790.00	650.93
791.00	650.58
792.00	650.22
793.00	649.86
794.00	649.50
795.00	649.14
796.00	648.78
797.00	648.42
798.00	647.52
799.00	645.81
800.00	644.10
801.00	642.39
802.00	640.68
803.00	638.97
804.00	637.27
805.00	635.56
806.00	633.78
807.00	630.93
808.00	628.07
809.00	625.22
810.00	622.37
811.00	619.51
812.00	616.66
813.00	613.80
814.00	610.95
815.00	608.58
816.00	606.39
817.00	604.21
818.00	602.02
819.00	599.84
820.00	597.65
821.00	595.47
822.00	593.28
823.00	591.91
824.00	591.89
825.00	591.87
826.00	591.85
827.00	591.83
828.00	591.81
829.00	591.79
830.00	591.76
831.00	591.79
832.00	593.07
833.00	594.34
834.00	595.62
835.00	596.89
836.00	598.17
837.00	599.44
838.00	600.72
839.00	601.99
840.00	603.16
841.00	604.28
842.00	605.40
843.00	606.52
844.00	607.64
845.00	608.76
846.00	609.88
847.00	611.00
848.00	611.92
849.00	612.46
850.00	613.00
851.00	613.54
852.00	614.08
853.00	614.62
854.00	615.16
855.00	615.70
856.00	616.24
857.00	616.41
858.00	616.59
859.00	616.77
860.00	616.95
861.00	617.13
862.00	617.30
863.00	617.48
864.00	617.66
865.00	617.74
866.00	617.77
867.00	617.80
868.00	617.83
869.00	617.85
870.00	617.88
871.00	617.91
872.00	617.94
873.00	617.98
874.00	618.05
875.00	618.11
876.00	618.18
877.00	618.24
878.00	618.31
879.00	618.37
880.00	618.44
881.00	618.50
882.00	618.66
883.00	618.82
884.00	618.98
885.00	619.15
886.00	619.31
887.00	619.47
888.00	619.63
889.00	619.79
890.00	619.74
891.00	619.58
892.00	619.41
893.00	619.25
894.00	619.08
895.00	618.92
896.00	618.75
897.00	618.59
898.00	618.18
899.00	617.24
900.00	616.29
901.00	615.35
902.00	614.41
903.00	613.46
904.00	612.52
905.00	611.57
906.00	610.63
907.00	609.35
908.00	608.07
909.00	606.78
910.00	605.49
911.00	604.20
912.00	602.91
913.00	601.63
914.00	600.34
915.00	599.41
916.00	598.68
917.00	597.96
918.00	597.23
919.00	596.51
920.00	595.78
921.00	595.06
922.00	594.34
923.00	593.87
924.00	594.03
925.00	594.20
926.00	594.37
927.00	594.53
928.00	594.70
929.00	594.87
930.00	595.03
931.00	595.20
932.00	595.96
933.00	596.75
934.00	597.54
935.00	598.33
936.00	599.11
937.00	599.91
938.00	600.69
939.00	601.48
940.00	602.14
941.00	602.72
942.00	603.29
943.00	603.86
944.00	604.44
945.00	605.01
946.00	605.58
947.00	606.16
948.00	606.28
949.00	605.18
950.00	604.08
951.00	602.98
952.00	601.88
953.00	600.78
954.00	599.68
955.00	598.58
956.00	597.48
957.00	595.69
958.00	593.84
959.00	591.99
960.00	590.14
961.00	588.30
962.00	586.45
963.00	584.60
964.00	582.75
965.00	582.28
966.00	582.78
967.00	583.29
968.00	583.79
969.00	584.29
970.00	584.80
971.00	585.30
972.00	585.80
973.00	586.66
974.00	588.64
975.00	590.62
976.00	592.60
977.00	594.57
978.00	596.55
979.00	598.53
980.00	600.50
981.00	602.48
982.00	603.34
983.00	604.08
984.00	604.82
985.00	605.56
986.00	606.30
987.00	607.04
988.00	607.78
989.00	608.52
990.00	608.12
991.00	606.84
992.00	605.57
993.00	604.29
994.00	603.02
995.00	601.74
996.00	600.46
997.00	599.19
998.00	598.17
999.00	598.04
1000.0	597.92
1001.0	597.79
1002.0	597.67
1003.0	597.54
1004.0	597.42
1005.0	597.29
1006.0	597.17
1007.0	597.62
1008.0	598.14
1009.0	598.66
1010.0	599.18
1011.0	599.70
1012.0	600.22
1013.0	600.75
1014.0	601.27
1015.0	602.52
1016.0	604.38
1017.0	606.23
1018.0	608.09
1019.0	609.96
1020.0	611.82
1021.0	613.67
1022.0	615.53
1023.0	617.12
1024.0	617.62
1025.0	618.11
1026.0	618.61
1027.0	619.11
1028.0	619.61
1029.0	620.10
1030.0	620.60
1031.0	621.10
1032.0	619.25
1033.0	617.02
1034.0	614.79
1035.0	612.56
1036.0	610.33
1037.0	608.09
1038.0	605.86
1039.0	603.63
1040.0	600.94
1041.0	597.82
1042.0	594.70
1043.0	591.58
1044.0	588.46
1045.0	585.34
1046.0	582.22
1047.0	579.09
1048.0	576.48
1049.0	576.22
1050.0	575.97
1051.0	575.71
1052.0	575.45
1053.0	575.19
1054.0	574.93
1055.0	574.67
1056.0	574.41
1057.0	575.18
1058.0	576.15
1059.0	577.13
1060.0	578.10
1061.0	579.07
1062.0	580.04
1063.0	581.02
1064.0	581.99
1065.0	582.79
1066.0	583.43
1067.0	584.07
1068.0	584.71
1069.0	585.35
1070.0	585.98
1071.0	586.62
1072.0	587.26
1073.0	587.84
1074.0	588.12
1075.0	588.40
1076.0	588.68
1077.0	588.96
1078.0	589.24
1079.0	589.52
1080.0	589.80
1081.0	590.08
1082.0	589.94
1083.0	589.70
1084.0	589.47
1085.0	589.23
1086.0	589.00
1087.0	588.76
1088.0	588.53
1089.0	588.29
1090.0	588.40
1091.0	588.90
1092.0	589.39
1093.0	589.88
1094.0	590.37
1095.0	590.87
1096.0	591.36
1097.0	591.85
1098.0	592.27
1099.0	592.22
1100.0	592.18
1101.0	592.13
1102.0	592.08
1103.0	592.04
1104.0	591.99
1105.0	591.94
1106.0	591.90
1107.0	591.75
1108.0	591.57
1109.0	591.39
1110.0	591.21
1111.0	591.03
1112.0	590.85
1113.0	590.67
1114.0	590.49
1115.0	590.01
1116.0	589.19
1117.0	588.36
1118.0	587.53
1119.0	586.70
1120.0	585.87
1121.0	585.04
1122.0	584.21
1123.0	583.35
1124.0	582.26
1125.0	581.16
1126.0	580.07
1127.0	578.97
1128.0	577.88
1129.0	576.78
1130.0	575.69
1131.0	574.60
1132.0	574.23
1133.0	574.07
1134.0	573.92
1135.0	573.76
1136.0	573.61
1137.0	573.46
1138.0	573.30
1139.0	573.15
1140.0	573.33
1141.0	573.97
1142.0	574.60
1143.0	575.24
1144.0	575.88
1145.0	576.51
1146.0	577.15
1147.0	577.78
1148.0	578.50
1149.0	580.02
1150.0	581.54
1151.0	583.07
1152.0	584.59
1153.0	586.12
1154.0	587.64
1155.0	589.16
1156.0	590.69
1157.0	589.99
1158.0	588.56
1159.0	587.12
1160.0	585.69
1161.0	584.25
1162.0	582.81
1163.0	581.38
1164.0	579.94
1165.0	579.47
1166.0	580.39
1167.0	581.31
1168.0	582.23
1169.0	583.14
1170.0	584.06
1171.0	584.98
1172.0	585.90
1173.0	586.80
1174.0	587.55
1175.0	588.30
1176.0	589.04
1177.0	589.79
1178.0	590.53
1179.0	591.28
1180.0	592.02
1181.0	592.77
1182.0	593.45
1183.0	594.10
1184.0	594.75
1185.0	595.41
1186.0	596.06
1187.0	596.71
1188.0	597.36
1189.0	598.01
1190.0	598.41
1191.0	598.40
1192.0	598.38
1193.0	598.37
1194.0	598.35
1195.0	598.34
1196.0	598.33
1197.0	598.31
1198.0	598.33
1199.0	599.04
1200.0	599.75
1201.0	600.46
1202.0	601.17
1203.0	601.88
1204.0	602.59
1205.0	603.30
1206.0	604.01
1207.0	605.18
1208.0	606.54
1209.0	607.90
1210.0	609.26
1211.0	610.62
1212.0	611.98
1213.0	613.34
1214.0	614.70
1215.0	615.40
1216.0	614.93
1217.0	614.47
1218.0	614.00
1219.0	613.54
1220.0	613.07
1221.0	612.61
1222.0	612.14
1223.0	611.71
1224.0	612.59
1225.0	613.47
1226.0	614.35
1227.0	615.23
1228.0	616.11
1229.0	616.99
1230.0	617.87
1231.0	618.75
1232.0	618.86
1233.0	618.61
1234.0	618.37
1235.0	618.12
1236.0	617.87
1237.0	617.63
1238.0	617.38
1239.0	617.13
1240.0	616.22
1241.0	614.01
1242.0	611.81
1243.0	609.60
1244.0	607.40
1245.0	605.20
1246.0	602.99
1247.0	600.79
1248.0	598.59
1249.0	600.56
1250.0	602.52
1251.0	604.49
1252.0	606.45
1253.0	608.42
1254.0	610.39
1255.0	612.35
1256.0	614.32
1257.0	615.49
1258.0	616.26
1259.0	617.02
1260.0	617.79
1261.0	618.56
1262.0	619.32
1263.0	620.09
1264.0	620.86
1265.0	620.78
1266.0	618.92
1267.0	617.06
1268.0	615.20
1269.0	613.34
1270.0	611.47
1271.0	609.61
1272.0	607.75
1273.0	605.89
1274.0	607.99
1275.0	610.16
1276.0	612.34
1277.0	614.52
1278.0	616.69
1279.0	618.87
1280.0	621.05
1281.0	623.22
1282.0	625.63
1283.0	628.16
1284.0	630.68
1285.0	633.21
1286.0	635.74
1287.0	638.27
1288.0	640.80
1289.0	643.33
1290.0	643.75
1291.0	639.22
1292.0	634.69
1293.0	630.16
1294.0	625.63
1295.0	621.10
1296.0	616.57
1297.0	612.04
1298.0	607.51
1299.0	605.68
1300.0	603.97
1301.0	602.26
1302.0	600.56
1303.0	598.85
1304.0	597.14
1305.0	595.43
1306.0	593.73
1307.0	593.97
1308.0	595.42
1309.0	596.87
1310.0	598.32
1311.0	599.77
1312.0	601.22
1313.0	602.67
1314.0	604.13
1315.0	605.19
1316.0	605.26
1317.0	605.33
1318.0	605.39
1319.0	605.46
1320.0	605.53
1321.0	605.59
1322.0	605.66
1323.0	605.72
1324.0	605.04
1325.0	604.31
1326.0	603.57
1327.0	602.84
1328.0	602.11
1329.0	601.37
1330.0	600.64
1331.0	599.91
1332.0	599.99
1333.0	600.63
1334.0	601.27
1335.0	601.91
1336.0	602.56
1337.0	603.20
1338.0	603.84
1339.0	604.48
1340.0	605.24
1341.0	606.35
1342.0	607.46
1343.0	608.57
1344.0	609.67
1345.0	610.78
1346.0	611.89
1347.0	613.00
1348.0	614.11
1349.0	616.21
1350.0	618.40
1351.0	620.59
1352.0	622.78
1353.0	624.98
1354.0	627.17
1355.0	629.36
1356.0	631.55
1357.0	631.81
1358.0	630.62
1359.0	629.43
1360.0	628.24
1361.0	627.06
1362.0	625.87
1363.0	624.68
1364.0	623.49
1365.0	622.46
1366.0	621.97
1367.0	621.47
1368.0	620.98
1369.0	620.48
1370.0	619.99
1371.0	619.50
1372.0	619.00
1373.0	618.51
1374.0	618.75
1375.0	619.08
1376.0	619.41
1377.0	619.75
1378.0	620.08
1379.0	620.41
1380.0	620.74
1381.0	621.08
1382.0	619.71
1383.0	616.96
1384.0	614.21
1385.0	611.46
1386.0	608.70
1387.0	605.95
1388.0	603.20
1389.0	600.45
1390.0	598.16
1391.0	597.58
1392.0	597.01
1393.0	596.43
1394.0	595.86
1395.0	595.28
1396.0	594.71
1397.0	594.13
1398.0	593.56
1399.0	595.77
1400.0	598.41
1401.0	601.04
1402.0	603.67
1403.0	606.30
1404.0	608.94
1405.0	611.57
1406.0	614.20
1407.0	615.23
1408.0	614.82
1409.0	614.41
1410.0	614.00
1411.0	613.59
1412.0	613.19
1413.0	612.78
1414.0	612.37
1415.0	612.00
1416.0	611.81
1417.0	611.61
1418.0	611.42
1419.0	611.22
1420.0	611.03
1421.0	610.83
1422.0	610.64
1423.0	610.45
1424.0	612.06
1425.0	614.00
1426.0	615.94
1427.0	617.88
1428.0	619.82
1429.0	621.77
1430.0	623.71
1431.0	625.65
1432.0	625.36
1433.0	622.91
1434.0	620.46
1435.0	618.01
1436.0	615.56
1437.0	613.11
1438.0	610.66
1439.0	608.21
1440.0	605.72
1441.0	603.07
1442.0	600.42
1443.0	597.77
1444.0	595.11
1445.0	592.46
1446.0	589.81
1447.0	587.16
1448.0	584.51
1449.0	585.92
1450.0	588.20
1451.0	590.47
1452.0	592.74
1453.0	595.02
1454.0	597.29
1455.0	599.57
1456.0	601.84
1457.0	603.25
1458.0	603.73
1459.0	604.21
1460.0	604.69
1461.0	605.17
1462.0	605.65
1463.0	606.13
1464.0	606.61
1465.0	606.99
1466.0	606.74
1467.0	606.50
1468.0	606.25
1469.0	606.01
1470.0	605.77
1471.0	605.52
1472.0	605.28
1473.0	605.03
1474.0	603.97
1475.0	602.71
1476.0	601.44
1477.0	600.18
1478.0	598.91
1479.0	597.65
1480.0	596.39
1481.0	595.12
1482.0	593.16
1483.0	590.37
1484.0	587.58
1485.0	584.79
1486.0	582.00
1487.0	579.21
1488.0	576.42
1489.0	573.63
1490.0	571.05
1491.0	569.97
1492.0	568.89
1493.0	567.81
1494.0	566.73
1495.0	565.66
1496.0	564.58
1497.0	563.50
1498.0	562.42
1499.0	563.29
1500.0	564.71
1501.0	566.12
1502.0	567.54
1503.0	568.95
1504.0	570.37
1505.0	571.78
1506.0	573.20
1507.0	574.11
1508.0	574.39
1509.0	574.66
1510.0	574.94
1511.0	575.21
1512.0	575.49
1513.0	575.77
1514.0	576.04
1515.0	576.18
1516.0	575.05
1517.0	573.92
1518.0	572.79
1519.0	571.66
1520.0	570.53
1521.0	569.40
1522.0	568.28
1523.0	567.15
1524.0	566.85
1525.0	566.81
1526.0	566.78
1527.0	566.74
1528.0	566.71
1529.0	566.67
1530.0	566.64
1531.0	566.61
1532.0	566.83
1533.0	567.41
1534.0	567.99
1535.0	568.57
1536.0	569.15
1537.0	569.73
1538.0	570.31
1539.0	570.89
1540.0	571.31
1541.0	569.79
1542.0	568.26
1543.0	566.74
1544.0	565.22
1545.0	563.70
1546.0	562.17
1547.0	560.65
1548.0	559.13
1549.0	558.20
1550.0	557.48
1551.0	556.77
1552.0	556.05
1553.0	555.33
1554.0	554.61
1555.0	553.90
1556.0	553.18
1557.0	554.22
1558.0	557.93
1559.0	561.64
1560.0	565.35
1561.0	569.06
1562.0	572.77
1563.0	576.48
1564.0	580.19
1565.0	583.73
1566.0	584.43
1567.0	585.13
1568.0	585.82
1569.0	586.52
1570.0	587.22
1571.0	587.92
1572.0	588.62
1573.0	589.32
1574.0	587.49
1575.0	584.65
1576.0	581.82
1577.0	578.98
1578.0	576.15
1579.0	573.31
1580.0	570.47
1581.0	567.64
1582.0	566.85
1583.0	569.47
1584.0	572.09
1585.0	574.72
1586.0	577.34
1587.0	579.97
1588.0	582.59
1589.0	585.21
1590.0	587.76
1591.0	588.14
1592.0	588.51
1593.0	588.89
1594.0	589.26
1595.0	589.64
1596.0	590.01
1597.0	590.39
1598.0	590.77
1599.0	589.76
1600.0	588.15
1601.0	586.54
1602.0	584.93
1603.0	583.32
1604.0	581.71
1605.0	580.10
1606.0	578.49
1607.0	577.57
1608.0	577.90
1609.0	578.24
1610.0	578.58
1611.0	578.92
1612.0	579.26
1613.0	579.59
1614.0	579.93
1615.0	580.28
1616.0	581.27
1617.0	582.27
1618.0	583.26
1619.0	584.26
1620.0	585.25
1621.0	586.25
1622.0	587.24
1623.0	588.24
1624.0	589.95
1625.0	592.00
1626.0	594.06
1627.0	596.12
1628.0	598.18
1629.0	600.23
1630.0	602.29
1631.0	604.35
1632.0	604.16
1633.0	599.43
1634.0	594.70
1635.0	589.97
1636.0	585.24
1637.0	580.51
1638.0	575.78
1639.0	571.04
1640.0	566.31
1641.0	569.06
1642.0	571.89
1643.0	574.71
1644.0	577.54
1645.0	580.36
1646.0	583.19
1647.0	586.02
1648.0	588.84
1649.0	588.55
1650.0	586.59
1651.0	584.62
1652.0	582.65
1653.0	580.69
1654.0	578.72
1655.0	576.75
1656.0	574.79
1657.0	573.85
1658.0	575.23
1659.0	576.61
1660.0	577.99
1661.0	579.37
1662.0	580.75
1663.0	582.13
1664.0	583.51
1665.0	584.89
1666.0	585.76
1667.0	586.61
1668.0	587.46
1669.0	588.32
1670.0	589.17
1671.0	590.03
1672.0	590.88
1673.0	591.73
1674.0	591.42
1675.0	590.41
1676.0	589.40
1677.0	588.39
1678.0	587.38
1679.0	586.37
1680.0	585.36
1681.0	584.35
1682.0	584.08
1683.0	585.63
1684.0	587.18
1685.0	588.73
1686.0	590.29
1687.0	591.84
1688.0	593.39
1689.0	594.94
1690.0	596.49
1691.0	591.65
1692.0	586.43
1693.0	581.22
1694.0	576.01
1695.0	570.80
1696.0	565.58
1697.0	560.37
1698.0	555.16
1699.0	554.37
1700.0	556.48
1701.0	558.58
1702.0	560.68
1703.0	562.79
1704.0	564.89
1705.0	566.99
1706.0	569.10
1707.0	571.12
1708.0	572.93
1709.0	574.74
1710.0	576.55
1711.0	578.36
1712.0	580.17
1713.0	581.98
1714.0	583.78
1715.0	585.59
1716.0	584.61
1717.0	583.40
1718.0	582.20
1719.0	580.99
1720.0	579.78
1721.0	578.57
1722.0	577.36
1723.0	576.15
1724.0	573.90
1725.0	570.90
1726.0	567.90
1727.0	564.90
1728.0	561.90
1729.0	558.90
1730.0	555.90
1731.0	552.89
1732.0	551.09
1733.0	553.03
1734.0	554.96
1735.0	556.90
1736.0	558.84
1737.0	560.77
1738.0	562.71
1739.0	564.64
1740.0	566.58
1741.0	566.59
1742.0	566.40
1743.0	566.20
1744.0	566.01
1745.0	565.81
1746.0	565.61
1747.0	565.42
1748.0	565.22
1749.0	567.22
1750.0	570.95
1751.0	574.67
1752.0	578.39
1753.0	582.11
1754.0	585.83
1755.0	589.55
1756.0	593.27
1757.0	595.44
1758.0	592.14
1759.0	588.83
1760.0	585.52
1761.0	582.22
1762.0	578.91
1763.0	575.61
1764.0	572.30
1765.0	568.99
1766.0	574.22
1767.0	580.62
1768.0	587.02
1769.0	593.41
1770.0	599.81
1771.0	606.21
1772.0	612.60
1773.0	619.00
1774.0	622.30
1775.0	622.96
1776.0	623.61
1777.0	624.27
1778.0	624.93
1779.0	625.58
1780.0	626.24
1781.0	626.89
1782.0	627.23
1783.0	626.25
1784.0	625.28
1785.0	624.30
1786.0	623.33
1787.0	622.36
1788.0	621.38
1789.0	620.41
1790.0	619.43
1791.0	618.67
1792.0	617.95
1793.0	617.23
1794.0	616.50
1795.0	615.78
1796.0	615.06
1797.0	614.33
1798.0	613.61
1799.0	612.32
1800.0	610.49
1801.0	608.66
1802.0	606.83
1803.0	605.00
1804.0	603.17
1805.0	601.34
1806.0	599.51
1807.0	597.07
1808.0	591.77
1809.0	586.47
1810.0	581.16
1811.0	575.86
1812.0	570.56
1813.0	565.26
1814.0	559.96
1815.0	554.65
1816.0	554.08
1817.0	554.44
1818.0	554.79
1819.0	555.15
1820.0	555.51
1821.0	555.87
1822.0	556.22
1823.0	556.58
1824.0	557.66
1825.0	559.48
1826.0	561.30
1827.0	563.11
1828.0	564.93
1829.0	566.75
1830.0	568.57
1831.0	570.38
1832.0	571.79
1833.0	570.93
1834.0	570.08
1835.0	569.22
1836.0	568.37
1837.0	567.52
1838.0	566.66
1839.0	565.81
1840.0	564.95
1841.0	564.39
1842.0	563.89
1843.0	563.39
1844.0	562.89
1845.0	562.39
1846.0	561.89
1847.0	561.39
1848.0	560.89
1849.0	560.69
1850.0	560.83
1851.0	560.97
1852.0	561.11
1853.0	561.25
1854.0	561.39
1855.0	561.53
1856.0	561.67
1857.0	561.97
1858.0	563.29
1859.0	564.62
1860.0	565.95
1861.0	567.27
1862.0	568.60
1863.0	569.92
1864.0	571.25
1865.0	572.58
1866.0	573.49
1867.0	574.30
1868.0	575.11
1869.0	575.92
1870.0	576.73
1871.0	577.54
1872.0	578.35
1873.0	579.16
1874.0	578.61
1875.0	576.43
1876.0	574.24
1877.0	572.05
1878.0	569.86
1879.0	567.67
1880.0	565.48
1881.0	563.29
1882.0	561.58
1883.0	563.69
1884.0	565.80
1885.0	567.91
1886.0	570.02
1887.0	572.13
1888.0	574.24
1889.0	576.35
1890.0	578.46
1891.0	580.32
1892.0	582.12
1893.0	583.91
1894.0	585.71
1895.0	587.50
1896.0	589.30
1897.0	591.09
1898.0	592.89
1899.0	593.90
1900.0	574.66
1901.0	564.16
1902.0	575.83
1903.0	552.20
1904.0	619.28
1905.0	611.12
1906.0	588.37
1907.0	621.91
1908.0	666.83
1909.0	585.74
1910.0	584.58
1911.0	553.66
1912.0	625.70
1913.0	474.33
1914.0	587.78
1915.0	539.08
1916.0	516.32
1917.0	501.16
1918.0	413.66
1919.0	581.95
1920.0	565.33
1921.0	650.78
1922.0	594.49
1923.0	674.12
1924.0	652.83
1925.0	658.66
1926.0	636.49
1927.0	599.16
1928.0	583.99
1929.0	600.03
1930.0	563.87
1931.0	664.49
1932.0	682.87
1933.0	626.28
1934.0	688.12
1935.0	696.87
1936.0	660.41
1937.0	651.66
1938.0	710.28
1939.0	726.62
1940.0	664.20
1941.0	650.49
1942.0	610.83
1943.0	603.53
1944.0	576.70
1945.0	657.20
1946.0	622.78
1947.0	633.28
1948.0	664.20
1949.0	577.87
1950.0	657.49
1951.0	718.74
1952.0	609.08
1953.0	618.12
1954.0	686.08
1955.0	744.99
1956.0	628.03
1957.0	696.28
1958.0	702.70
1959.0	581.54
1960.0	540.02
1961.0	575.73
1962.0	617.41
1963.0	615.62
1964.0	543.63
1965.0	632.05
1966.0	688.07
1967.0	531.68
1968.0	552.15
1969.0	529.59
1970.0	629.92
1971.0	596.48
1972.0	611.35
1973.0	585.91
1974.0	636.06
1975.0	668.57
1976.0	650.17
1977.0	628.81
1978.0	675.84
1979.0	642.51
1980.0	595.57
1981.0	565.99
1982.0	537.06
1983.0	720.09
1984.0	677.24
1985.0	718.79
1986.0	673.84
1987.0	606.54
1988.0	638.97
1989.0	569.30
1990.0	622.47
1991.0	742.64
1992.0	597.53
1993.0	670.04
1994.0	558.44
1995.0	613.91
1996.0	679.99
1997.0	633.85
1998.0	606.49
1999.0	751.34
2000.0	718.55
2001.0	701.86
2002.0	701.79
2003.0	713.33
2004.0	672.95
2005.0	726.52
2006.0	807.42
2007.0	780.78
2008.0	788.94
2009.0	706.60
2010.0	769.51
2011.0	716.28
2012.0	729.63
2013.0	700.54
2014.0	668.57
2015.0	809.08
2016.0	721.00